    1   2     3   4     5   6    7    8    9   10   11    12   13    14  15   16   17    18   19   20
    +++++t0(100)
    +++++tminus0(100)
                             (300)                                                                      
    +++++-----+++++-----+++++t1                  +++++-----+++++----------+++++----------++++++++++t2(500)
    +++++-----+++++-----+++++tminus1             +++++-----+++++----------+++++----------++++++++++tminus2(500)
    +++++-----++++------+++++--------------------+++++-----+++++----------+++++t3(590)
    +++++-----++++------+++++--------------------+++++-----+++++----------+++++tminus3(590)
                +++++t4                                                     +++----------+++++t5(150)
                     (200)                                                  +++----------+++++tminus5(150)
